ID	TITLE
00001	ARTVIS 103                                                                      
00002	ARTVIS 105                                                                      
00003	ARTVIS 107                                                                      
00004	ARTVIS 109                                                                      
00005	ARTVIS 112                                                                      
00006	ARTVIS 120                                                                      
00007	ARTVIS 205                                                                      
00008	ARTVIS 230                                                                      
00009	ARTVIS 305                                                                      
00010	ARTVIS 333R                                                                     
00011	ARTVIS 335                                                                      
00012	ARTVIS 398R                                                                     
00013	ARTVIS 490                                                                      
