ID	TITLE
00001	DS 501                                                                          
00002	DS 502                                                                          
00003	DS 523                                                                          
00004	DS 698                                                                          
00005	DS 698                                                                          
00006	DS 699R                                                                         
