ID	TITLE
00001	BSHES 500                                                                       
00002	BSHES 522                                                                       
00003	BSHES 530                                                                       
00004	BSHES 532                                                                       
00005	BSHES 538                                                                       
00006	BSHES 554                                                                       
00007	BSHES 557                                                                       
00008	BSHES 560R                                                                      
00009	BSHES 560R                                                                      
00010	BSHES 560R                                                                      
00011	BSHES 565                                                                       
00012	BSHES 567                                                                       
00013	BSHES 583                                                                       
00014	BSHES 586                                                                       
00015	BSHES 590                                                                       
00016	BSHES 590                                                                       
00017	BSHES 592                                                                       
00018	BSHES 595                                                                       
00019	BSHES 596                                                                       
00020	BSHES 597R                                                                      
00021	BSHES 599R                                                                      
00022	BSHES 710                                                                       
00023	BSHES 712                                                                       
00024	BSHES 715                                                                       
00025	BSHES 728                                                                       
00026	BSHES 730                                                                       
00027	BSHES 735                                                                       
00028	BSHES 760R                                                                      
00029	BSHES 797R                                                                      
00030	BSHES 798R                                                                      
00031	BSHES 799R                                                                      
